John,Accounting,November
Eric,IT,March
